1
0.5
0.904508
0.5
0.625503
0.698223
0.706588
0.6
0.720968
0.70016
0.833333
0.714286
0.857143
0.807742
0.827724
0.728923
0.829486
0.75
0.830842
0.749394
0.831916
0.761165
0.832786
0.848389
0.840229
0.858934
0.845664
0.840554
0.848226
0.777318
0.839303
0.825516
0.846396
0.840034
0.852977
0.840664
0.857927
0.840189
0.862534
0.840697
0.867099
0.840909
0.872371
0.843688
0.877269
0.848775
0.878834
0.85382
0.877328
0.858565
0.875937
0.861856
0.874648
0.865499
0.873943
0.869635
0.876912
0.873537
0.877055
0.873035
0.88196
0.871839
0.885084
0.871088
0.887717
0.87003
0.889706
0.870788
0.892495
0.87379
0.894028
0.875531
0.892595
0.878349
0.891237
0.881048
0.889948
0.883046
0.888724
0.885255
